[gd_scene load_steps=2 format=3 uid="uid://dl82pnwf3h2cg"]

[ext_resource type="PackedScene" uid="uid://jg4nbv4g0enj" path="res://assets/Business Man.glb" id="1_hsp5f"]

[node name="BusinessCharacter" instance=ExtResource("1_hsp5f")]

[node name="Skeleton3D" parent="RootNode/CharacterArmature" index="0"]
bones/1/position = Vector3(4.5321945e-06, 0.008118105, -0.00045605682)
bones/1/rotation = Quaternion(7.934587e-37, 2.3841858e-07, -1.7588737e-31, 1)
bones/4/rotation = Quaternion(0.14659148, -0.16129853, -0.0153433075, 0.97583723)
bones/5/rotation = Quaternion(0.0036364915, 3.4925733e-09, -3.7227332e-09, 0.99999344)
bones/6/rotation = Quaternion(-0.009471053, 6.7798237e-07, -8.586012e-10, 0.9999552)
bones/7/rotation = Quaternion(-0.07624001, 0.14465244, 0.029503599, 0.9860997)
bones/8/rotation = Quaternion(0.4778778, 0.80763495, 0.08035449, -0.33600834)
bones/9/rotation = Quaternion(0.5946263, -0.3982432, -0.39664996, -0.5748833)
bones/10/rotation = Quaternion(-0.17638262, 0.02746299, -0.5517882, 0.81465614)
bones/11/rotation = Quaternion(0.011239728, 0.017744444, 0.01047919, 0.99972445)
bones/13/rotation = Quaternion(-0.7411932, -0.09164892, 0.045829695, 0.663425)
bones/14/rotation = Quaternion(-0.6206769, 0.0074643986, -0.014044723, 0.7839051)
bones/15/rotation = Quaternion(-0.8679257, 0.064133525, -0.21631965, 0.44249058)
bones/17/rotation = Quaternion(-0.74697685, 0.029510386, -0.03344337, 0.6633524)
bones/18/rotation = Quaternion(-0.6413453, -0.036997195, -0.08013324, 0.7621589)
bones/19/rotation = Quaternion(-0.9233856, -0.04607281, -0.06391737, 0.37570056)
bones/21/rotation = Quaternion(-0.72978765, 0.13275753, -0.10216308, 0.66283345)
bones/22/rotation = Quaternion(-0.54041946, 0.08071972, -0.26405674, 0.7947988)
bones/23/rotation = Quaternion(-0.6946697, 0.009216045, -0.52125204, 0.49562633)
bones/25/rotation = Quaternion(-0.6339215, 0.24059206, -0.15566994, 0.71834946)
bones/26/rotation = Quaternion(-0.64784056, -0.11286866, -0.13430606, 0.7412997)
bones/27/rotation = Quaternion(-0.8742623, -0.042288948, 0.0005676206, 0.48360813)
bones/28/rotation = Quaternion(-0.04237219, 0.43340355, -0.28357092, 0.8543732)
bones/29/rotation = Quaternion(0.15373163, 0.025931425, 0.07716769, 0.9847535)
bones/30/rotation = Quaternion(-0.37007692, -0.09269911, 0.37526244, 0.8447651)
bones/31/position = Vector3(-0.0009804785, 0.00029017674, 0.00021275807)
bones/31/rotation = Quaternion(-0.4816093, 0.80099505, 0.07503299, 0.34760553)
bones/32/rotation = Quaternion(-0.5737933, -0.4654706, -0.4173565, 0.52906716)
bones/33/rotation = Quaternion(-0.2090151, -0.043075643, 0.5181569, 0.82823336)
bones/34/rotation = Quaternion(0.00502026, -0.0060086297, 0.04592692, 0.9989141)
bones/36/rotation = Quaternion(-0.7411933, 0.091648884, -0.04582969, 0.663425)
bones/37/rotation = Quaternion(-0.6206769, -0.0074644033, 0.01404473, 0.7839051)
bones/38/rotation = Quaternion(-0.8679256, -0.06413358, 0.21631956, 0.44249052)
bones/40/rotation = Quaternion(-0.7469768, -0.029510397, 0.033443417, 0.6633524)
bones/41/rotation = Quaternion(-0.64134526, 0.036997166, 0.08013326, 0.7621589)
bones/42/rotation = Quaternion(-0.92338574, 0.046072897, 0.06391754, 0.37570047)
bones/44/rotation = Quaternion(-0.7297876, -0.13275756, 0.102163024, 0.66283345)
bones/45/rotation = Quaternion(-0.54041946, -0.08071972, 0.26405668, 0.7947988)
bones/46/rotation = Quaternion(-0.69466966, -0.009216276, 0.52125204, 0.49562633)
bones/47/rotation = Quaternion(0.017032543, 0.07191999, -0.2263589, 0.9712359)
bones/48/rotation = Quaternion(-0.6339215, -0.24059217, 0.15566999, 0.71834934)
bones/49/rotation = Quaternion(-0.6478406, 0.11286867, 0.13430609, 0.7412997)
bones/50/rotation = Quaternion(-0.8742623, 0.042288993, -0.00056769233, 0.48360813)
bones/51/rotation = Quaternion(-0.042372152, -0.43340367, 0.28357083, 0.8543731)
bones/52/rotation = Quaternion(0.15373155, -0.025931342, -0.07716763, 0.98475343)
bones/53/rotation = Quaternion(-0.370077, 0.09269911, -0.3752625, 0.844765)
bones/54/rotation = Quaternion(-0.6988849, -0.03680974, 0.71383965, 0.025257375)
bones/55/rotation = Quaternion(0.3770235, 0.59820825, -0.37702322, 0.59820867)
bones/56/rotation = Quaternion(0.6854896, 0.19293422, 0.6854219, 0.1519122)
bones/57/rotation = Quaternion(0.21109958, -0.67486054, 0.21109943, 0.674861)
bones/58/position = Vector3(0.0012059163, 0.003000672, -0.005438454)
bones/58/rotation = Quaternion(0.9994403, 9.3877316e-07, 2.8043985e-05, 0.033453107)
bones/59/position = Vector3(0.0014238986, 0.0042055254, 0.00628641)
bones/60/position = Vector3(-0.00068507105, 0.00022751733, 0.0011940149)
bones/61/position = Vector3(-0.00083370146, 0.004232643, 0.006589405)

[node name="Head" parent="RootNode/CharacterArmature/Skeleton3D" index="0"]
transform = Transform3D(0.9982818, -0.044155736, -0.03851664, -0.041959643, -0.079895824, -0.9959194, 0.040898215, 0.99582464, -0.08161126, -7.76064e-05, -0.0014437132, 0.015201578)

[node name="Index4_L" parent="RootNode/CharacterArmature/Skeleton3D" index="1"]
transform = Transform3D(-0.60357916, 0.7348468, 0.3093406, -0.7683197, -0.6397345, 0.020576313, 0.21301648, -0.2252529, 0.9507284, 0.0015695783, -0.0032497826, 0.009601074)

[node name="Middle4_L" parent="RootNode/CharacterArmature/Skeleton3D" index="2"]
transform = Transform3D(-0.44477803, 0.65814006, 0.6074733, -0.7347779, -0.65595853, 0.17268123, 0.5121258, -0.3695531, 0.77534324, 0.0016660294, -0.0030461918, 0.009526811)

[node name="Ring4_L" parent="RootNode/CharacterArmature/Skeleton3D" index="3"]
transform = Transform3D(-0.49399805, 0.8674682, -0.0588567, -0.8140237, -0.4852239, -0.31925252, -0.30550015, -0.10979932, 0.9458399, 0.0017340778, -0.002909715, 0.00935793)

[node name="Pinky4_L" parent="RootNode/CharacterArmature/Skeleton3D" index="4"]
transform = Transform3D(-0.38132796, 0.88978416, 0.25074357, -0.80753183, -0.45264417, 0.37815928, 0.44997805, -0.058280468, 0.8911357, 0.0018907029, -0.0027508275, 0.009210449)

[node name="Thumb3_L" parent="RootNode/CharacterArmature/Skeleton3D" index="5"]
transform = Transform3D(-0.8730912, 0.11546987, 0.47368497, -0.4874845, -0.22334415, -0.8440825, 0.008328512, -0.96787566, 0.25129008, 0.0015472517, -0.003546694, 0.009759371)

[node name="Index4_R" parent="RootNode/CharacterArmature/Skeleton3D" index="6"]
transform = Transform3D(0.027875483, -0.9609922, -0.27516377, 0.9953791, 0.001383394, 0.09600562, -0.09188037, -0.27656835, 0.956591, -0.0025492664, -0.0009614845, 0.009630975)

[node name="Middle4_R" parent="RootNode/CharacterArmature/Skeleton3D" index="7"]
transform = Transform3D(0.14499135, -0.9044443, -0.40119478, 0.9056197, -0.042012572, 0.42200276, -0.39853343, -0.4245165, 0.81299156, -0.002491801, -0.00073566317, 0.009586604)

[node name="Ring4_R" parent="RootNode/CharacterArmature/Skeleton3D" index="8"]
transform = Transform3D(0.11507729, -0.9721775, -0.20402795, 0.8984046, 0.18949062, -0.39618292, 0.42382175, -0.13770795, 0.8952154, -0.002449825, -0.0005677215, 0.009438918)

[node name="Pinky4_R" parent="RootNode/CharacterArmature/Skeleton3D" index="9"]
transform = Transform3D(0.23683181, -0.97154945, -0.0012692213, 0.9137459, 0.2222972, 0.34007514, -0.33011797, -0.0816997, 0.9403968, -0.0024634083, -0.00032927128, 0.009318568)

[node name="Thumb3_R" parent="RootNode/CharacterArmature/Skeleton3D" index="10"]
transform = Transform3D(-0.36838734, -0.18081877, -0.9119177, 0.9257155, 0.019049026, -0.37773842, 0.08567363, -0.9833311, 0.16036999, -0.0027272743, -0.0012221432, 0.00974965)

[node name="LowerLeg_L" parent="RootNode/CharacterArmature/Skeleton3D" index="11"]
transform = Transform3D(0.9996161, -0.0130675, -0.023310412, 0.020410761, 0.9363791, 0.3503947, 0.01724808, -0.35074526, 0.93631136, 0.0012725593, -7.023846e-05, 0.004793065)

[node name="LowerLeg_R" parent="RootNode/CharacterArmature/Skeleton3D" index="12"]
transform = Transform3D(0.99829054, 0.054240946, -0.020512082, 0.014238821, 0.113602854, 0.99342406, 0.056213003, -0.9920442, 0.11263904, -0.0009623156, -0.0024975517, 0.0052979877)

[node name="Foot_L" parent="RootNode/CharacterArmature/Skeleton3D" index="13"]
transform = Transform3D(1, 1.612133e-08, 5.58815e-05, -5.5755347e-05, -0.06686864, 0.9977617, 3.7528057e-06, -0.9977618, -0.06686863, 0.001205915, 0.004715567, 0.0030006724)

[node name="PT_L" parent="RootNode/CharacterArmature/Skeleton3D" index="14"]
transform = Transform3D(1, -1.2748906e-09, 6.794929e-05, 6.7948306e-05, 0.0053473976, -0.99998564, -3.6207695e-07, 0.99998564, 0.0053473976, 0.0014239001, -0.007009296, 0.004205524)

[node name="Foot_R" parent="RootNode/CharacterArmature/Skeleton3D" index="15"]
transform = Transform3D(0.9933155, 0.115429744, 0.0005617527, 0.11543109, -0.9933013, -0.005318224, -5.5895394e-05, 0.005347491, -0.9999857, -0.00068507076, -0.0019169016, 0.00022751717)

[node name="PT_R" parent="RootNode/CharacterArmature/Skeleton3D" index="16"]
transform = Transform3D(1, -1.2749048e-09, -6.794928e-05, -6.79483e-05, 0.0053473976, -0.99998564, 3.6462674e-07, 0.99998564, 0.0053473976, -0.0008336999, -0.007312292, 0.004232642)
